0.001478
0.000274
0.000438
0.001081
0.004805
0.001122
0.007216
0.001442
0.005551
0.014628
0.001257
0.002358
0.001813
0.001228
0.002757
0.005824
0.002612
0.001523
0.002071
0.003065
0.000195
0.000772
0.000620
0.001886
0.000130
0.000272
0.000454
0.000764
0.000523
0.001725
0.000193
0.000128
0.000432
0.001004
0.000070
0.000706
0.000432
0.000126
0.000739
0.000607
0.000103
0.000174
0.000788
0.000922
0.000027
0.000901
0.000430
0.000212
0.000132
0.000156
0.000084
0.000187
0.000344
0.000147
0.000174
0.000177
0.000144
0.000149
0.000104
0.000199
0.000115
0.000095
0.000045
0.000109
0.000084
0.000152
0.000106
0.000093
0.000004
0.000142
0.000027
0.000256
0.000038
0.000165
0.000007
0.000199
0.000194
0.000062
0.000060
0.000178
0.000025
0.000146
0.000004
0.000141
0.000051
0.000271
0.000025
0.000194
0.000098
0.000106
0.000110
0.000207
0.000037
0.000094
0.000063
0.000183
0.000067
0.000133
0.000026
0.000152
0.000001
0.000205
0.000010
0.000080
0.000022
0.000120
0.000070
0.000117
0.000109
0.000103
0.000049
0.000098
0.000008
0.000074
0.000029
0.000112
0.000012
0.000081
0.000016
0.000043
0.000003
0.000082
0.000022
0.000092
0.000047
0.000085
0.000030
0.000093
0.000013
0.000093
0.000016
0.000071
0.000008
0.000082
0.000025
0.000086
0.000028
0.000097
0.000041
0.000080
0.000011
0.000068
0.000005
0.000079
0.000025
0.000078
0.000025
0.000072
0.000014
0.000098
0.000017
0.000052
0.000009
0.000111
0.000032
0.000077
0.000011
0.000083
0.000002
0.000054
0.000017
0.000068
0.000010
0.000051
0.000004
0.000044
0.000012
0.000066
0.000015
0.000083
0.000015
0.000073
0.000020
0.000070
0.000002
0.000073
0.000023
0.000068
0.000010
0.000056
0.000020
0.000047
0.000010
0.000067
0.000002
0.000049
0.000017
0.000068
0.000016
0.000081
0.000017
0.000054
0.000009
0.000054
0.000018
0.000052
0.000003
0.000067
0.000007
0.000103
0.000013
0.000048
0.000029
0.000057
0.000045
0.000048
0.000007
0.000055
0.000026
0.000034
0.000000
0.000052
0.000002
0.000060
0.000018
0.000061
0.000016
0.000071
0.000016
0.000054
0.000011
0.000049
0.000008
0.000071
0.000007
0.000061
0.000019
0.000068
0.000000
0.000041
0.000007
0.000052
0.000009
0.000051
0.000008
0.000054
0.000008
0.000048
0.000001
0.000062
0.000001
0.000070
0.000013
0.000051
0.000003
0.000060
0.000011
0.000069
0.000014
0.000054
0.000001
0.000063
0.000022
0.000052
0.000026
0.000062
0.000017
0.000029
0.000006
0.000049
0.000005
0.000024
0.000005
0.000043
0.000004
0.000062
0.000006
0.000057
0.000005
0.000078
0.000012
0.000041
0.000011
0.000049
0.000001
0.000053
0.000014
0.000049
0.000021
0.000052
0.000002
0.000047
0.000015
0.000051
0.000024
0.000054
0.000013
0.000052
0.000008
0.000050
0.000012
0.000054
0.000018
0.000041
0.000014
0.000056
0.000001
0.000045
0.000009
0.000049
0.000020
0.000044
0.000008
0.000041
0.000009
0.000042
0.000000
0.000046
0.000018
0.000050
0.000020
0.000041
0.000000
0.000032
0.000015
0.000033
0.000005
0.000050
0.000022
0.000045
0.000021
0.000044
0.000010
0.000044
0.000020
0.000039
0.000013
0.000049
0.000007
0.000045
0.000018
0.000050
0.000002
0.000040
0.000013
0.000042
0.000004
0.000035
0.000003
0.000035
0.000009
0.000043
0.000009
0.000036
0.000019
0.000043
0.000003
0.000041
0.000020
0.000038
0.000014
0.000041
0.000023
0.000042
0.000018
0.000038
0.000010
0.000041
0.000009
0.000033
0.000009
0.000051
0.000013
0.000049
0.000008
0.000041
0.000016
0.000058
0.000013
0.000048
0.000013
0.000047
0.000012
0.000046
0.000012
0.000045
0.000010
0.000043
0.000014
0.000047
0.000012
0.000047
0.000014
0.000045
0.000013
0.000045
0.000012
0.000047
0.000012
0.000048
0.000008
0.000043
0.000010
0.000045
0.000014
0.000047
0.000012
0.000042
0.000012
0.000042
0.000011
0.000043
0.000011
0.000049
0.000014
0.000041
0.000014
0.000042
0.000011
0.000045
0.000012
0.000046
0.000016
0.000047
0.000011
0.000047
0.000012
0.000042
0.000012
0.000045
0.000013
0.000045
0.000013
0.000047
0.000011
0.000046
0.000013
0.000043
0.000010
0.000046
0.000013
0.000045
0.000019
0.000041
0.000015
0.000042
0.000012
0.000042
0.000014
0.000044
0.000010
0.000044
0.000014
0.000043
0.000010
0.000042
0.000013
0.000044
0.000009
0.000047
0.000007
0.000045
0.000016
0.000043
0.000009
0.000050
0.000016
0.000043
0.000011
0.000046
0.000012
0.000043
0.000007
0.000045
0.000014
0.000046
0.000014
0.000046
0.000013
0.000043
0.000016
0.000045
0.000006
0.000041
0.000017
0.000045
0.000014
0.000045
0.000013
0.000045
0.000008
0.000044
0.000012
0.000044
0.000013
0.000050
0.000011
0.000043
0.000012
0.000049
0.000013
0.000046
0.000010
0.000045
0.000014
0.000047
0.000014
0.000048
0.000015
0.000048
0.000017
0.000044
0.000011
0.000039
0.000013
0.000044
0.000016
0.000047
0.000012
0.000041
0.000015
0.000040
0.000015
0.000047
0.000008
0.000049
0.000010
0.000049
0.000009
0.000046
0.000011
0.000050
0.000018
0.000045
0.000012
0.000051
0.000007
0.000045
0.000014
0.000053
0.000016
0.000052
0.000006
0.000048
0.000016
0.000051
0.000014
0.000041
0.000013
0.000046
0.000016
0.000047
0.000014
0.000044
0.000012
0.000050
0.000015
0.000045
0.000010
0.000053
0.000012
0.000051
0.000016
0.000051
0.000008
0.000047
0.000013
0.000047
0.000014
0.000051
0.000014
0.000050
0.000014
0.000045
0.000012
0.000044
0.000013
0.000055
0.000014
0.000053
0.000016
0.000050
0.000014
0.000055
0.000013
0.000048
0.000006
0.000047
0.000014
0.000053
0.000012
0.000052
0.000017
0.000050
0.000014
0.000045
0.000015
0.000058
0.000009
0.000048
0.000012
0.000050
0.000012
0.000048
0.000013
0.000049
0.000014
0.000052
0.000008
0.000053
0.000010
0.000053
0.000017
0.000053
0.000016
0.000052
0.000015
0.000053
0.000014
0.000054
0.000016
0.000055
0.000012
0.000056
0.000014
0.000052
0.000012
0.000053
0.000014
0.000054
0.000010
0.000056
0.000011
0.000050
0.000016
0.000056
0.000013
0.000055
0.000013
0.000057
0.000014
0.000053
0.000011
0.000056
0.000012
0.000058
0.000013
0.000054
0.000012
0.000055
0.000015
0.000059
0.000014
0.000056
0.000013
0.000055
0.000012
0.000058
0.000014
0.000057
0.000014
0.000057
0.000013
0.000060
0.000010
0.000058
0.000011
0.000057
0.000016
0.000053
0.000008
0.000055
0.000009
0.000062
0.000027
0.000047
0.000023
0.000072
0.000016
0.000055
0.000010
0.000058
0.000003
0.000059
0.000008
0.000063
0.000000
0.000064
0.000012
0.000063
0.000001
0.000062
0.000020
0.000060
0.000016
0.000063
0.000001
0.000071
0.000021
0.000064
0.000012
0.000059
0.000010
0.000059
0.000026
0.000070
0.000019
0.000053
0.000005
0.000063
0.000008
0.000058
0.000013
0.000064
0.000015
0.000077
0.000002
0.000068
0.000009
0.000074
0.000023
0.000058
0.000019
0.000070
0.000008
0.000059
0.000013
0.000065
0.000015
0.000070
0.000016
0.000066
0.000005
0.000075
0.000017
0.000066
0.000012
0.000073
0.000019
0.000068
0.000019
0.000062
0.000017
0.000066
0.000014
0.000075
0.000010
0.000066
0.000016
0.000079
0.000011
0.000071
0.000011
0.000072
0.000014
0.000078
0.000013
0.000065
0.000014
0.000074
0.000025
0.000072
0.000019
0.000084
0.000007
0.000076
0.000003
0.000076
0.000002
0.000076
0.000007
0.000067
0.000013
0.000077
0.000016
0.000072
0.000015
0.000082
0.000036
0.000080
0.000003
0.000096
0.000015
0.000077
0.000016
0.000079
0.000010
0.000084
0.000008
0.000095
0.000008
0.000089
0.000022
0.000078
0.000013
0.000095
0.000003
0.000098
0.000012
0.000076
0.000019
0.000081
0.000008
0.000091
0.000012
0.000087
0.000012
0.000073
0.000001
0.000093
0.000004
0.000079
0.000005
0.000089
0.000012
0.000087
0.000015
0.000099
0.000004
0.000101
0.000023
0.000108
0.000012
0.000118
0.000048
0.000105
0.000017
0.000108
0.000025
0.000117
0.000046
0.000116
0.000021
0.000113
0.000012
0.000101
0.000004
0.000080
0.000021
0.000095
0.000000
0.000106
0.000006
0.000102
0.000015
0.000094
0.000003
0.000133
0.000005
0.000104
0.000019
0.000124
0.000011
0.000127
0.000026
0.000140
0.000010
0.000134
0.000005
0.000109
0.000005
0.000130
0.000005
0.000110
0.000004
0.000111
0.000024
0.000129
0.000007
0.000135
0.000015
0.000132
0.000015
0.000134
0.000011
0.000138
0.000013
0.000140
0.000006
0.000143
0.000013
0.000113
0.000009
0.000149
0.000023
0.000144
0.000014
0.000122
0.000007
0.000136
0.000007
0.000139
0.000002
0.000133
0.000018
0.000146
0.000020
0.000136
0.000005
0.000138
0.000018
0.000136
0.000022
0.000144
0.000013
0.000151
0.000002
0.000175
0.000004
0.000151
0.000024
0.000194
0.000002
0.000188
0.000014
0.000176
0.000015
0.000177
0.000016
0.000161
0.000018
0.000192
0.000024
0.000191
0.000020
0.000186
0.000001
0.000179
0.000023
0.000189
0.000021
0.000246
0.000009
0.000210
0.000006
0.000219
0.000016
0.000207
0.000041
0.000189
0.000044
0.000276
0.000014
0.000209
0.000011
0.000236
0.000003
0.000261
0.000032
0.000278
0.000007
0.000263
0.000020
0.000255
0.000008
0.000310
0.000017
0.000280
0.000010
0.000245
0.000040
0.000214
0.000028
0.000316
0.000047
0.000289
0.000011
0.000208
0.000097
0.000337
0.000010
0.000351
0.000023
0.000323
0.000025
0.000375
0.000009
0.000324
0.000053
0.000483
0.000014
0.000406
0.000045
0.000223
0.000060
0.000345
0.000053
0.000438
0.000120
0.000495
0.000150
0.000320
0.000264
0.000411
0.000148
0.000577
0.000182
0.000663
0.000088
0.000822
0.000189
0.000651
0.000147
0.000884
0.000266
0.000700
0.000089
0.001138
0.000214
0.001373
0.000110
0.001132
0.000953
0.001123
0.002423
0.001405
0.000489
0.003034
0.002257
0.000704
0.003426
0.002599
0.000486
0.002717
0.001128
0.010592
0.000036
0.008308
0.002684
0.002080
0.001209
0.000021
0.000629
0.000645
